# This file has been automatically generated by Plot2D
# null
# time	null
0.0	1.0
0.05	1.05127109375
0.1	1.1051709125543214
0.15000000000000002	1.1618342340216672
0.2	1.2214027459561516
0.25	1.284025400650577
0.30000000000000004	1.3498587873447139
0.35000000000000003	1.419067523779926
0.4	1.4918246678292268
0.45	1.5683121502320618
0.5	1.648721229515874
0.55	1.7332529702419976
0.6000000000000001	1.8221187457717412
0.65	1.9155407668098365
0.7000000000000001	2.0137526370468906
0.75	2.1169999372902315
0.8	2.225540839543783
0.8500000000000001	2.339646752572486
0.9	2.4596030005655134
0.9500000000000001	2.585709536595289
1.0	2.718281692656335
1.05	2.857650968159427
1.1	3.004165858852707
1.1500000000000001	3.1581927282424935
1.2000000000000002	3.3201167236927827
1.25	3.490342739494178
1.3	3.6692964293104158
1.35	3.8574252705341303
1.4000000000000001	4.055199683213305
1.4500000000000002	4.263114206346304
1.5	4.481688734486842
1.55	4.711469817751036
1.6	4.953032028477245
1.6500000000000001	5.206979397956054
1.7000000000000002	5.473946926822978
1.75	5.754602172890643
1.8	6.049646920390873
1.85	6.359818934800632
1.9000000000000001	6.685893807639821
1.9500000000000002	7.028686895853866
2.0	7.389055360630586
2.0500000000000003	7.7679003107494164
2.1	8.166169055822504
2.15	8.584857475061929
2.2	9.025012507496218
2.25	9.487734769862978
2.3000000000000003	9.974181308723757
2.35	10.48556849368283
2.4000000000000004	11.023175058944489
2.45	11.588345300814293
2.5	12.182492439139715
2.5500000000000003	12.807102151095513
2.6	13.463736286150159
2.6500000000000004	14.154036771502641
2.7	14.8797297177553
2.75	15.642629735088994
2.8000000000000003	16.44464447073328
2.85	17.287779379077666
2.9000000000000004	18.174142736351673
2.95	19.10595091241304
3.0	20.085533912826268
