# This file has been automatically generated by Plot2D
# null
# null	null
10.0	4.0
8.508653077230454	5.4786331044101715
6.723186845417393	6.9045272122534485
4.987554490447692	7.957229489869361
3.557479028117459	8.466700374110136
2.5065175267984685	8.467144379433613
1.7833622986574296	8.103037924671693
1.2997475607779327	7.526920636958447
0.9776871240154301	6.854295914209769
0.761177565500314	6.159484991558784
0.6133197635512235	5.4855914485146915
0.5105930255374995	4.855295684954478
0.4381020984711821	4.278848983295217
0.38634638188774156	3.759265549726071
0.34918107778462526	3.2955095591731176
0.3225644295044435	2.8844007360356403
0.3037913521742532	2.5217372154536655
0.2910213544061732	2.202948480996028
0.2829840062523389	1.9234675175570517
0.2787922855083926	1.6789352237415551
0.2778222888653272	1.4653046522847415
0.27963439145669716	1.2788856800917878
0.2839207214582022	1.1163546740677195
0.2904696262272612	0.9747441082316496
0.2991412967829971	0.8514212694450334
0.30985084321675266	0.7440616301846636
0.3225564276025525	0.6506202692136465
0.3372508855676878	0.569303353729352
0.35395579305620806	0.4985408418002074
0.3727172745777338	0.4369610289924604
0.3936030721762203	0.38336722972265097
0.4167005427226149	0.33671667847781434
0.4421153512358627	0.2961016123324558
0.4699706963729341	0.2607324247254682
0.5004069516229307	0.22992274235552473
0.5335816389767193	0.20307626010251395
0.5696696754386797	0.17967516515251053
0.6088638496998664	0.1592699858250538
0.651375498615506	0.1414707096061621
0.6974353621898213	0.12593902639363977
0.747294602502103	0.11238156555931497
0.8012259770534107	0.10054400824058278
0.8595251608178747	0.09020596875031577
0.9225122141520343	0.08117655082857278
0.9905331958562524	0.07329049549322665
1.0639619222261978	0.06640484742349885
1.1432018739533392	0.06039607614339268
1.228688253254608	0.055157596822348776
1.3208901936077613	0.05059764337559793
1.420313123863245	0.046637453855513156
1.5275012871558638	0.04320973503924527
1.643040412729941	0.04025737983880045
1.767560535189397	0.037732417944738236
1.90173895030319	0.0355951873021697
2.0463032886254915	0.03381372206766282
2.202034676785734	0.03236336225287609
2.3697709398273297	0.031226602253897215
2.550409774135771	0.03039321126235175
2.7449117858563623	0.029860680209752466
2.9543032390319475	0.029635080547963013
3.179678282956791	0.029732464682289652
3.4222003169394353	0.030181003906511062
3.6831019830806264	0.03102415945913335
3.963683022304029	0.03232533559527118
4.26530483470636	0.034174702776607675
4.589379968514556	0.03669925815530744
4.937353782954291	0.04007780039291955
5.310673953389286	0.04456349184247896
5.71074090875572	0.050518331872844
6.138828013012092	0.058466640245914
6.595953102882565	0.06917937640324398
7.082670727627931	0.08380926138831084
7.598733340168818	0.10411079211540868
8.142533269933178	0.1328037524696679
8.710174844735443	0.17418087838293345
9.293921672155276	0.23512990047970364
9.879601303543941	0.32684516928170615
10.442338173627922	0.4676256116291052
10.939865200435975	0.6871596126220482
11.303210987983178	1.0320792780543124
11.427441927397078	1.5699433547928991
11.173431291521727	2.3818659989804623
10.405045355967506	3.5241613449564544
9.082405853070426	4.947870250891689
7.362785525538673	6.43103436412914
5.572080309991611	7.645202457649733
4.01701391294477	8.351073673705189
2.834341817721249	8.516973785307517
2.0056173344796755	8.262468391479914
1.4477309193858567	7.745433673804195
1.0764153589590304	7.096290470060091
0.8278774123671797	6.403002943255145
0.6591450535725238	5.718318928031631
0.5426162035702301	5.071023879558994
0.460806699655916	4.47501673194479
0.40260429728038194	3.935406230085551
0.3608604299458119	3.452309540320128
0.3309015827689884	3.0231399297701587
0.309618767308958	2.643960900308332
0.29490849866870256	2.3102775636425736
0.28532573412165174	2.017491477945809
0.27986517868296823	1.7611544617402075
0.27782118411463075	1.537102314539427
0.27869646354108757	1.341516967611457
0.2821416175260869	1.170946352450728
0.28791443690238006	1.0222997819127317
0.29585211629300523	0.892829706789473
0.30585203856708715	0.7801064854842994
0.3178583438203217	0.6819902036909162
0.33185246608254015	0.596601966723042
0.3478464354551088	0.5222960792923013
0.36587813871689023	0.4576338967313276
0.38600798953685633	0.4013597376880488
0.408316630356344	0.3523790043551168
0.4329034027746336	0.30973850793741736
0.4598854013761847	0.2726089098284621
0.4893969797859444	0.24026914081099685
0.5215896153365739	0.21209263729788894
0.5566320653086567	0.18753522596033584
0.5947107667204974	0.16612449004349983
0.6360304454110919	0.14745045832856854
0.6808149102417012	0.13115746851920873
0.7293080157049111	0.11693706916715839
0.7817747818084448	0.10452183706247663
0.8385026643006782	0.09367999965257047
0.899802971474939	0.08421076413902948
0.9660124261679809	0.07594026622732684
1.0374948733105294	0.06871806198406882
1.114643134587476	0.06241409588128973
1.1978810124625803	0.05691608692330683
1.2876654460094714	0.05212728284449526
1.3844888206092172	0.04796453985401493
1.488881432508642	0.04435669243549916
1.6014141072936772	0.041243184472267394
1.7227009682307681	0.03857293969716536
1.8534023457418631	0.03630345646675346
1.9942278123825787	0.034400119543583824
2.1459393176775716	0.032835730508437216
2.3093543826909677	0.031590269431199025
2.485349293284021	0.03065091469545904
2.6748622006592138	0.030012367174883817
2.878895993503641	0.029677551997427578
3.0985207409271753	0.029658810069658505
3.334875408755135	0.029979748885734056
3.589168406809026	0.030678008263468653
3.8626763049221013	0.03180932819728312
4.156739717597533	0.03345351019795229
4.472754831156644	0.035723185327350165
4.812158216467522	0.038776817182664944
5.17640123912329	0.04283820481335716
5.566908213765951	0.04822613023042596
5.985008874939885	0.05540010322957599
6.431829750913325	0.06503207023066696
6.908118869762755	0.0781206706582643
7.41396080744361	0.09617625379393083
7.948309029588631	0.12152507248621637
8.508210724024043	0.15781594006577315
9.087511771006884	0.2108713000355702
9.674688549382312	0.2901170214785307
10.249253461505992	0.410947207905972
10.77599543267522	0.5984558105531564
11.196512036508707	0.8926670519451765
11.4192589736888	1.3537140481091545
11.31536784202181	2.0602313041789824
10.739943370167882	3.084459859337484
9.605780886764776	4.425177521966088
7.9943830151135815	5.922937600615878
6.1880377835531934	7.267909107326976
4.524479227906842	8.167152851397038
3.206749002753253	8.514588810990539
2.2615119039703524	8.389881501731232
1.6187042063159935	7.948204224453269
1.1902168843900425	7.333354781836176
0.904364261739377	6.648007170182118
0.7113747009097454	5.956000529070103
0.578903433545542	5.293356040493512
0.486414610059069	4.67836986031295
0.4208891958261631	4.118709461022289
0.3739930040073799	3.615923703371398
0.3403096316091452	3.168184080206995
0.3162579376766416	2.77191555917909
0.2994290338161438	2.4227539986313507
0.28817650812576573	2.11610017686489
0.28135962886234306	1.8474328631367583
0.2781798037278676	1.6124779290753166
0.27807465436193374	1.4072915491548819
0.28064824696771784	1.2282924411225147
0.28562439271393075	1.0722643355911174
0.292814919257508	0.936341592557769
0.302097822855847	0.8179858596403633
0.31340205055323844	0.7149585852937694
0.3266968043673521	0.6252922927407967
0.34198397958215354	0.5472623314644448
0.3592928101522159	0.4793600793076229
0.3786760935889713	0.42026810304538564
0.4002075649695992	0.36883749611284444
0.42398012153354925	0.3240674349451422
0.45010468862409575	0.2850868896875908
0.47870957901527067	0.25113836508585513
0.5099402402646344	0.22156351658801848
0.543959314716311	0.19579047434613842
0.5809469581413634	0.1733227069099218
0.6211013784052134	0.15372926240654472
0.6646395667867597	0.1366362349345493
0.7117982028601644	0.12171931584775533
0.7628347200240254	0.10869730234025556
0.8180285234005191	0.09732644849785244
0.8776823553272712	0.08739555629213705
0.9421238063000446	0.07872171560156867
1.0117069711769502	0.0711466131257516
1.0868142518383856	0.06453333998182367
1.1678583083694143	0.05876363686447293
1.255284161201806	0.053735523986456125
1.3495714464815531	0.049361270701628185
1.4512368261200081	0.04556566688552648
1.5608365523816212	0.04228456498178954
1.6789691842092873	0.039463668332316654
1.806278448418595	0.0370575482731306
1.9434562328606146	0.03502887986567216
2.0912456898629013	0.03334789455153778
2.250444415540599	0.03199205818401327
2.4219076521944873	0.030945995841412437
2.606551434400187	0.030201702105355634
2.805355560652887	0.02975909941673309
3.0193662156354524	0.02962704127082583
3.2496979841771854	0.029824906938085014
3.497534872475655	0.030385008879161107
3.764129762547617	0.03135614713100804
4.050801435874391	0.03280881953148616
4.358927852798889	0.034842870370260834
4.689933668079067	0.03759879577197452
5.045268837299534	0.04127462824633224
5.426373347534852	0.04615147785126711
5.834620114612885	0.05263272996496156
6.27122310496917	0.0613051448015058
6.737089319692317	0.07303565097767234
7.232578885787448	0.08912720434153555
7.757112700810678	0.11157371863094871
8.308524290032729	0.14348289737310543
8.881979520997383	0.18978487706446573
9.46816755780814	0.25842425646997846
10.050285483365094	0.3623475212211562
10.59912896453099	0.5227081914503995
11.065584838706696	0.7736120621602787
11.370815411312472	1.1677117440724791
11.398558934223503	1.7783004350773752
11.004301097329009	2.685126759444927
10.068399074234764	3.9230991051375144
8.601801704489487	5.395333267768312
6.823670873223509	6.833115849461271
5.076972060002067	7.9129024118268205
3.6264673213641796	8.453087511285384
2.5551890154336068	8.478319689399108
1.8161895685414273	8.130105363106948
1.321575134773623	7.562248978566978
0.9922604020677599	6.892646317828786
0.7710393946519009	6.197679609041468
0.6201071760205524	5.521875182268774
0.5153424921389226	4.888803472027155
0.44147113886986555	4.309243658573044
0.38875691090701403	3.7865111031930407
0.3509081550753159	3.3197343000891313
0.32379051384741203	2.905816204018139
0.30463955628163114	2.540590728520523
0.2915760448064854	2.2194957959077826
0.28330375146758585	1.937957498072374
0.27891812935007976	1.6916016805061895
0.2777831270185466	1.4763624580936114
0.2794505243115433	1.2885294146223876
0.2836062393346802	1.1247587384420388
0.29003403430834374	0.9820636630116476
0.29859063659292834	0.857793601122551
0.309188475163637	0.7496077057776742
0.32178358160885606	0.6554463343910697
0.3363670504562213	0.5735024896542632
0.3529589920216959	0.502194433276371
0.37160425887118287	0.4401401198626421
0.3923694550827184	0.38613375595395627
0.4153408891812423	0.3391245782040874
0.4406232338784116	0.29819781734638373
0.46833872561228707	0.2625577408265426
0.4986267852297388	0.23151262740369952
0.5316439750363207	0.2044615091452688
0.567564231475623	0.18088251193914592
0.6065793299591682	0.1603226296271394
0.648899550906231	0.14238877567717517
0.6947545252652955	0.1267399677208549
0.7443942446291805	0.11308051284865563
0.7980902261811188	0.10115407436877666
0.8561368265730539	0.09073851324112574
0.9188527017523308	0.08164140927357348
0.9865824119298068	0.0736961782481333
1.0596981724570038	0.06675871136936981
1.1386017524288987	0.06070447280589475
1.2237265233782517	0.05542599968719124
1.3155396604546592	0.05083075681788177
1.41454449791263	0.046839305707056696
1.5212830394321866	0.043383754440923274
1.6363386215475864	0.04040646165197071
1.7603387249414923	0.03785897461064213
1.8939579230974846	0.035701188619024216
2.037920950096957	0.0339007228719927
2.1930058581764285	0.032432517401828766
2.360047219522805	0.031278667546771305
2.5399393034386413	0.030428527920088922
2.733639126095202	0.029879139111065336
2.942169220504046	0.029636060385387256
3.1666199012374188	0.02971473521566154
3.40815068962026	0.030142581024750086
3.6679904013923856	0.03096209196238192
3.9474351495295403	0.032235393092937756
4.2478431303772295	0.034050917576778784
4.57062446001979	0.03653324767380213
4.917223374274977	0.039857753953841626
5.289088571029702	0.04427263564473288
5.6876249664963145	0.0501325690160177
6.114115980172673	0.05795086510545414
6.569598473549698	0.06848162440177417
7.0546605658041415	0.0828512705565668
7.5691120887311625	0.10277253718487378
8.111442120649036	0.13089775410912552
8.677917409224719	0.17140910607020668
9.26107396597611	0.23101128381785152
9.847194823162832	0.32059498521527896
10.41215666707096	0.45796212699416006
10.914893483171495	0.6720221782046105
11.288204163804293	1.0083115354463106
11.429309929298826	1.5332350404828001
11.200480499816091	2.3277746872326612
10.463443971332024	3.4514444768907757
9.169772820182239	4.863634041299016
7.4646251735202656	6.352026399522108
5.668561394752096	7.589392530708931
4.094802553404238	8.326585159794028
2.890654714797094	8.520468061061505
2.044042068498842	8.285284996110926
1.4733406956032185	7.7791060486848975
1.0934644600783883	7.13463666263095
0.8393528327194704	6.442129618434518
0.6669952890877824	5.75600465209993
0.5480787304318587	5.106121919606853
0.46466488768858355	4.50702801827966
0.4053584469773063	3.96420614577231
0.36283479536277463	3.477981401439973
0.3323099382468096	3.045875786542852
0.31060451124287314	2.6640032331306345
0.29556938874535255	2.3278854784983216
0.2857293506670744	2.032921530077222
0.280058747055165	1.774650215490081
0.2778379200539645	1.548889117074361
0.2785597419310535	1.3517998184586992
0.28186775589869123	1.1799095862619402
0.2875145822828284	1.0301077832111651
0.29533354177097026	0.899628179395373
0.30521904477391704	0.7860239854848708
0.3171128915996743	0.6871397599114945
0.33099462331151647	0.6010826843164891
0.34687469330454845	0.5261946668724891
0.3647896347076285	0.46102608550300817
0.3847986629577293	0.404311578464739
0.4069813277469907	0.3549480390682701
0.43143594586113454	0.3119748186562733
0.4582786262070766	0.2745560519791241
0.4876427532904428	0.24196496920022315
0.5196788337525289	0.213570034355271
0.5545546376660015	0.18882274173030114
0.5924555856578834	0.16724690315849888
0.6335853469422229	0.14842926665435985
0.678166623601056	0.13201131749730327
0.7264421040403746	0.11768212516187712
0.7786755742166263	0.1051721122969614
0.8351531794957151	0.09424763461749402
0.896184833227148	0.0847062726955721
0.9621057705339303	0.07637274801003677
1.0332782475940878	0.06909538614190842
1.1100933879184558	0.06274305967523244
1.1929731778548625	0.05720255222245805
1.282372613765825	0.052376293124060655
1.3787820029802442	0.04818041988998213
1.482729419596896	0.04454313250321479
1.5947833143342103	0.04140331047740674
1.7155552745959093	0.03870937028284834
1.8457029263398588	0.03641834772987608
1.985932962589153	0.03449519752968151
2.137004273618565	0.03291231109941672
2.2997311396745497	0.03164926453897364
2.474986426598907	0.030692822745569802
2.663704695015794	0.030037244585250245
2.8668850904096694	0.029684960541346894
3.0855938177381046	0.029647732368549992
3.320965909768136	0.0299484603483101
3.574205856757678	0.03062388784310729
3.8465864504601743	0.0317285811947119
4.139444865890615	0.03334076204842565
4.4541744915527826	0.03557088264506479
4.7922102097674095	0.03857433583108866
5.155003533372859	0.04257050509500579
5.54398189999277	0.047871700289579364
5.960482952857624	0.05492776518092817
6.405648826795662	0.06439593956302125
6.880255605570861	0.07725207011068871
