# This file has been automatically generated by Plot2D
# null
# time	prey
0.0	10.0
0.05	8.508653077230454
0.1	6.723186845417393
0.15000000000000002	4.987554490447692
0.2	3.557479028117459
0.25	2.5065175267984685
0.30000000000000004	1.7833622986574296
0.35000000000000003	1.2997475607779327
0.4	0.9776871240154301
0.45	0.761177565500314
0.5	0.6133197635512235
0.55	0.5105930255374995
0.6000000000000001	0.4381020984711821
0.65	0.38634638188774156
0.7000000000000001	0.34918107778462526
0.75	0.3225644295044435
0.8	0.3037913521742532
0.8500000000000001	0.2910213544061732
0.9	0.2829840062523389
0.9500000000000001	0.2787922855083926
1.0	0.2778222888653272
1.05	0.27963439145669716
1.1	0.2839207214582022
1.1500000000000001	0.2904696262272612
1.2000000000000002	0.2991412967829971
1.25	0.30985084321675266
1.3	0.3225564276025525
1.35	0.3372508855676878
1.4000000000000001	0.35395579305620806
1.4500000000000002	0.3727172745777338
1.5	0.3936030721762203
1.55	0.4167005427226149
1.6	0.4421153512358627
1.6500000000000001	0.4699706963729341
1.7000000000000002	0.5004069516229307
1.75	0.5335816389767193
1.8	0.5696696754386797
1.85	0.6088638496998664
1.9000000000000001	0.651375498615506
1.9500000000000002	0.6974353621898213
2.0	0.747294602502103
2.0500000000000003	0.8012259770534107
2.1	0.8595251608178747
2.15	0.9225122141520343
2.2	0.9905331958562524
2.25	1.0639619222261978
2.3000000000000003	1.1432018739533392
2.35	1.228688253254608
2.4000000000000004	1.3208901936077613
2.45	1.420313123863245
2.5	1.5275012871558638
2.5500000000000003	1.643040412729941
2.6	1.767560535189397
2.6500000000000004	1.90173895030319
2.7	2.0463032886254915
2.75	2.202034676785734
2.8000000000000003	2.3697709398273297
2.85	2.550409774135771
2.9000000000000004	2.7449117858563623
2.95	2.9543032390319475
3.0	3.179678282956791
3.0500000000000003	3.4222003169394353
3.1	3.6831019830806264
3.1500000000000004	3.963683022304029
3.2	4.26530483470636
3.25	4.589379968514556
3.3000000000000003	4.937353782954291
3.35	5.310673953389286
3.4000000000000004	5.71074090875572
3.45	6.138828013012092
3.5	6.595953102882565
3.5500000000000003	7.082670727627931
3.6	7.598733340168818
3.6500000000000004	8.142533269933178
3.7	8.710174844735443
3.75	9.293921672155276
3.8000000000000003	9.879601303543941
3.85	10.442338173627922
3.9000000000000004	10.939865200435975
3.95	11.303210987983178
4.0	11.427441927397078
4.05	11.173431291521727
4.1000000000000005	10.405045355967506
4.15	9.082405853070426
4.2	7.362785525538673
4.25	5.572080309991611
4.3	4.01701391294477
4.3500000000000005	2.834341817721249
4.4	2.0056173344796755
4.45	1.4477309193858567
4.5	1.0764153589590304
4.55	0.8278774123671797
4.6000000000000005	0.6591450535725238
4.65	0.5426162035702301
4.7	0.460806699655916
4.75	0.40260429728038194
4.800000000000001	0.3608604299458119
4.8500000000000005	0.3309015827689884
4.9	0.309618767308958
4.95	0.29490849866870256
5.0	0.28532573412165174
5.050000000000001	0.27986517868296823
5.1000000000000005	0.27782118411463075
5.15	0.27869646354108757
5.2	0.2821416175260869
5.25	0.28791443690238006
5.300000000000001	0.29585211629300523
5.3500000000000005	0.30585203856708715
5.4	0.3178583438203217
5.45	0.33185246608254015
5.5	0.3478464354551088
5.550000000000001	0.36587813871689023
5.6000000000000005	0.38600798953685633
5.65	0.408316630356344
5.7	0.4329034027746336
5.75	0.4598854013761847
5.800000000000001	0.4893969797859444
5.8500000000000005	0.5215896153365739
5.9	0.5566320653086567
5.95	0.5947107667204974
6.0	0.6360304454110919
6.050000000000001	0.6808149102417012
6.1000000000000005	0.7293080157049111
6.15	0.7817747818084448
6.2	0.8385026643006782
6.25	0.899802971474939
6.300000000000001	0.9660124261679809
6.3500000000000005	1.0374948733105294
6.4	1.114643134587476
6.45	1.1978810124625803
6.5	1.2876654460094714
6.550000000000001	1.3844888206092172
6.6000000000000005	1.488881432508642
6.65	1.6014141072936772
6.7	1.7227009682307681
6.75	1.8534023457418631
6.800000000000001	1.9942278123825787
6.8500000000000005	2.1459393176775716
6.9	2.3093543826909677
6.95	2.485349293284021
7.0	2.6748622006592138
7.050000000000001	2.878895993503641
7.1000000000000005	3.0985207409271753
7.15	3.334875408755135
7.2	3.589168406809026
7.25	3.8626763049221013
7.300000000000001	4.156739717597533
7.3500000000000005	4.472754831156644
7.4	4.812158216467522
7.45	5.17640123912329
7.5	5.566908213765951
7.550000000000001	5.985008874939885
7.6000000000000005	6.431829750913325
7.65	6.908118869762755
7.7	7.41396080744361
7.75	7.948309029588631
7.800000000000001	8.508210724024043
7.8500000000000005	9.087511771006884
7.9	9.674688549382312
7.95	10.249253461505992
8.0	10.77599543267522
8.05	11.196512036508707
8.1	11.4192589736888
8.15	11.31536784202181
8.200000000000001	10.739943370167882
8.25	9.605780886764776
8.3	7.9943830151135815
8.35	6.1880377835531934
8.4	4.524479227906842
8.450000000000001	3.206749002753253
8.5	2.2615119039703524
8.55	1.6187042063159935
8.6	1.1902168843900425
8.65	0.904364261739377
8.700000000000001	0.7113747009097454
8.75	0.578903433545542
8.8	0.486414610059069
8.85	0.4208891958261631
8.9	0.3739930040073799
8.950000000000001	0.3403096316091452
9.0	0.3162579376766416
9.05	0.2994290338161438
9.1	0.28817650812576573
9.15	0.28135962886234306
9.200000000000001	0.2781798037278676
9.25	0.27807465436193374
9.3	0.28064824696771784
9.35	0.28562439271393075
9.4	0.292814919257508
9.450000000000001	0.302097822855847
9.5	0.31340205055323844
9.55	0.3266968043673521
9.600000000000001	0.34198397958215354
9.65	0.3592928101522159
9.700000000000001	0.3786760935889713
9.75	0.4002075649695992
9.8	0.42398012153354925
9.850000000000001	0.45010468862409575
9.9	0.47870957901527067
9.950000000000001	0.5099402402646344
10.0	0.543959314716311
10.05	0.5809469581413634
10.100000000000001	0.6211013784052134
10.15	0.6646395667867597
10.200000000000001	0.7117982028601644
10.25	0.7628347200240254
10.3	0.8180285234005191
10.350000000000001	0.8776823553272712
10.4	0.9421238063000446
10.450000000000001	1.0117069711769502
10.5	1.0868142518383856
10.55	1.1678583083694143
10.600000000000001	1.255284161201806
10.65	1.3495714464815531
10.700000000000001	1.4512368261200081
10.75	1.5608365523816212
10.8	1.6789691842092873
10.850000000000001	1.806278448418595
10.9	1.9434562328606146
10.950000000000001	2.0912456898629013
11.0	2.250444415540599
11.05	2.4219076521944873
11.100000000000001	2.606551434400187
11.15	2.805355560652887
11.200000000000001	3.0193662156354524
11.25	3.2496979841771854
11.3	3.497534872475655
11.350000000000001	3.764129762547617
11.4	4.050801435874391
11.450000000000001	4.358927852798889
11.5	4.689933668079067
11.55	5.045268837299534
11.600000000000001	5.426373347534852
11.65	5.834620114612885
11.700000000000001	6.27122310496917
11.75	6.737089319692317
11.8	7.232578885787448
11.850000000000001	7.757112700810678
11.9	8.308524290032729
11.950000000000001	8.881979520997383
12.0	9.46816755780814
12.05	10.050285483365094
12.100000000000001	10.59912896453099
12.15	11.065584838706696
12.200000000000001	11.370815411312472
12.25	11.398558934223503
12.3	11.004301097329009
12.350000000000001	10.068399074234764
12.4	8.601801704489487
12.450000000000001	6.823670873223509
12.5	5.076972060002067
12.55	3.6264673213641796
12.600000000000001	2.5551890154336068
12.65	1.8161895685414273
12.700000000000001	1.321575134773623
12.75	0.9922604020677599
12.8	0.7710393946519009
12.850000000000001	0.6201071760205524
12.9	0.5153424921389226
12.950000000000001	0.44147113886986555
13.0	0.38875691090701403
13.05	0.3509081550753159
13.100000000000001	0.32379051384741203
13.15	0.30463955628163114
13.200000000000001	0.2915760448064854
13.25	0.28330375146758585
13.3	0.27891812935007976
13.350000000000001	0.2777831270185466
13.4	0.2794505243115433
13.450000000000001	0.2836062393346802
13.5	0.29003403430834374
13.55	0.29859063659292834
13.600000000000001	0.309188475163637
13.65	0.32178358160885606
13.700000000000001	0.3363670504562213
13.75	0.3529589920216959
13.8	0.37160425887118287
13.850000000000001	0.3923694550827184
13.9	0.4153408891812423
13.950000000000001	0.4406232338784116
14.0	0.46833872561228707
14.05	0.4986267852297388
14.100000000000001	0.5316439750363207
14.15	0.567564231475623
14.200000000000001	0.6065793299591682
14.25	0.648899550906231
14.3	0.6947545252652955
14.350000000000001	0.7443942446291805
14.4	0.7980902261811188
14.450000000000001	0.8561368265730539
14.5	0.9188527017523308
14.55	0.9865824119298068
14.600000000000001	1.0596981724570038
14.65	1.1386017524288987
14.700000000000001	1.2237265233782517
14.75	1.3155396604546592
14.8	1.41454449791263
14.850000000000001	1.5212830394321866
14.9	1.6363386215475864
14.950000000000001	1.7603387249414923
15.0	1.8939579230974846
15.05	2.037920950096957
15.100000000000001	2.1930058581764285
15.15	2.360047219522805
15.200000000000001	2.5399393034386413
15.25	2.733639126095202
15.3	2.942169220504046
15.350000000000001	3.1666199012374188
15.4	3.40815068962026
15.450000000000001	3.6679904013923856
15.5	3.9474351495295403
15.55	4.2478431303772295
15.600000000000001	4.57062446001979
15.65	4.917223374274977
15.700000000000001	5.289088571029702
15.75	5.6876249664963145
15.8	6.114115980172673
15.850000000000001	6.569598473549698
15.9	7.0546605658041415
15.950000000000001	7.5691120887311625
16.0	8.111442120649036
16.05	8.677917409224719
16.1	9.26107396597611
16.150000000000002	9.847194823162832
16.2	10.41215666707096
16.25	10.914893483171495
16.3	11.288204163804293
16.35	11.429309929298826
16.400000000000002	11.200480499816091
16.45	10.463443971332024
16.5	9.169772820182239
16.55	7.4646251735202656
16.6	5.668561394752096
16.650000000000002	4.094802553404238
16.7	2.890654714797094
16.75	2.044042068498842
16.8	1.4733406956032185
16.85	1.0934644600783883
16.900000000000002	0.8393528327194704
16.95	0.6669952890877824
17.0	0.5480787304318587
17.05	0.46466488768858355
17.1	0.4053584469773063
17.150000000000002	0.36283479536277463
17.2	0.3323099382468096
17.25	0.31060451124287314
17.3	0.29556938874535255
17.35	0.2857293506670744
17.400000000000002	0.280058747055165
17.45	0.2778379200539645
17.5	0.2785597419310535
17.55	0.28186775589869123
17.6	0.2875145822828284
17.650000000000002	0.29533354177097026
17.7	0.30521904477391704
17.75	0.3171128915996743
17.8	0.33099462331151647
17.85	0.34687469330454845
17.900000000000002	0.3647896347076285
17.95	0.3847986629577293
18.0	0.4069813277469907
18.05	0.43143594586113454
18.1	0.4582786262070766
18.150000000000002	0.4876427532904428
18.2	0.5196788337525289
18.25	0.5545546376660015
18.3	0.5924555856578834
18.35	0.6335853469422229
18.400000000000002	0.678166623601056
18.45	0.7264421040403746
18.5	0.7786755742166263
18.55	0.8351531794957151
18.6	0.896184833227148
18.650000000000002	0.9621057705339303
18.7	1.0332782475940878
18.75	1.1100933879184558
18.8	1.1929731778548625
18.85	1.282372613765825
18.900000000000002	1.3787820029802442
18.95	1.482729419596896
19.0	1.5947833143342103
19.05	1.7155552745959093
19.1	1.8457029263398588
19.150000000000002	1.985932962589153
19.200000000000003	2.137004273618565
19.25	2.2997311396745497
19.3	2.474986426598907
19.35	2.663704695015794
19.400000000000002	2.8668850904096694
19.450000000000003	3.0855938177381046
19.5	3.320965909768136
19.55	3.574205856757678
19.6	3.8465864504601743
19.650000000000002	4.139444865890615
19.700000000000003	4.4541744915527826
19.75	4.7922102097674095
19.8	5.155003533372859
19.85	5.54398189999277
19.900000000000002	5.960482952857624
19.950000000000003	6.405648826795662
20.0	6.880255605570861
