# This file has been automatically generated by Plot2D
# null
# time	predator
0.0	4.0
0.05	5.4786331044101715
0.1	6.9045272122534485
0.15000000000000002	7.957229489869361
0.2	8.466700374110136
0.25	8.467144379433613
0.30000000000000004	8.103037924671693
0.35000000000000003	7.526920636958447
0.4	6.854295914209769
0.45	6.159484991558784
0.5	5.4855914485146915
0.55	4.855295684954478
0.6000000000000001	4.278848983295217
0.65	3.759265549726071
0.7000000000000001	3.2955095591731176
0.75	2.8844007360356403
0.8	2.5217372154536655
0.8500000000000001	2.202948480996028
0.9	1.9234675175570517
0.9500000000000001	1.6789352237415551
1.0	1.4653046522847415
1.05	1.2788856800917878
1.1	1.1163546740677195
1.1500000000000001	0.9747441082316496
1.2000000000000002	0.8514212694450334
1.25	0.7440616301846636
1.3	0.6506202692136465
1.35	0.569303353729352
1.4000000000000001	0.4985408418002074
1.4500000000000002	0.4369610289924604
1.5	0.38336722972265097
1.55	0.33671667847781434
1.6	0.2961016123324558
1.6500000000000001	0.2607324247254682
1.7000000000000002	0.22992274235552473
1.75	0.20307626010251395
1.8	0.17967516515251053
1.85	0.1592699858250538
1.9000000000000001	0.1414707096061621
1.9500000000000002	0.12593902639363977
2.0	0.11238156555931497
2.0500000000000003	0.10054400824058278
2.1	0.09020596875031577
2.15	0.08117655082857278
2.2	0.07329049549322665
2.25	0.06640484742349885
2.3000000000000003	0.06039607614339268
2.35	0.055157596822348776
2.4000000000000004	0.05059764337559793
2.45	0.046637453855513156
2.5	0.04320973503924527
2.5500000000000003	0.04025737983880045
2.6	0.037732417944738236
2.6500000000000004	0.0355951873021697
2.7	0.03381372206766282
2.75	0.03236336225287609
2.8000000000000003	0.031226602253897215
2.85	0.03039321126235175
2.9000000000000004	0.029860680209752466
2.95	0.029635080547963013
3.0	0.029732464682289652
3.0500000000000003	0.030181003906511062
3.1	0.03102415945913335
3.1500000000000004	0.03232533559527118
3.2	0.034174702776607675
3.25	0.03669925815530744
3.3000000000000003	0.04007780039291955
3.35	0.04456349184247896
3.4000000000000004	0.050518331872844
3.45	0.058466640245914
3.5	0.06917937640324398
3.5500000000000003	0.08380926138831084
3.6	0.10411079211540868
3.6500000000000004	0.1328037524696679
3.7	0.17418087838293345
3.75	0.23512990047970364
3.8000000000000003	0.32684516928170615
3.85	0.4676256116291052
3.9000000000000004	0.6871596126220482
3.95	1.0320792780543124
4.0	1.5699433547928991
4.05	2.3818659989804623
4.1000000000000005	3.5241613449564544
4.15	4.947870250891689
4.2	6.43103436412914
4.25	7.645202457649733
4.3	8.351073673705189
4.3500000000000005	8.516973785307517
4.4	8.262468391479914
4.45	7.745433673804195
4.5	7.096290470060091
4.55	6.403002943255145
4.6000000000000005	5.718318928031631
4.65	5.071023879558994
4.7	4.47501673194479
4.75	3.935406230085551
4.800000000000001	3.452309540320128
4.8500000000000005	3.0231399297701587
4.9	2.643960900308332
4.95	2.3102775636425736
5.0	2.017491477945809
5.050000000000001	1.7611544617402075
5.1000000000000005	1.537102314539427
5.15	1.341516967611457
5.2	1.170946352450728
5.25	1.0222997819127317
5.300000000000001	0.892829706789473
5.3500000000000005	0.7801064854842994
5.4	0.6819902036909162
5.45	0.596601966723042
5.5	0.5222960792923013
5.550000000000001	0.4576338967313276
5.6000000000000005	0.4013597376880488
5.65	0.3523790043551168
5.7	0.30973850793741736
5.75	0.2726089098284621
5.800000000000001	0.24026914081099685
5.8500000000000005	0.21209263729788894
5.9	0.18753522596033584
5.95	0.16612449004349983
6.0	0.14745045832856854
6.050000000000001	0.13115746851920873
6.1000000000000005	0.11693706916715839
6.15	0.10452183706247663
6.2	0.09367999965257047
6.25	0.08421076413902948
6.300000000000001	0.07594026622732684
6.3500000000000005	0.06871806198406882
6.4	0.06241409588128973
6.45	0.05691608692330683
6.5	0.05212728284449526
6.550000000000001	0.04796453985401493
6.6000000000000005	0.04435669243549916
6.65	0.041243184472267394
6.7	0.03857293969716536
6.75	0.03630345646675346
6.800000000000001	0.034400119543583824
6.8500000000000005	0.032835730508437216
6.9	0.031590269431199025
6.95	0.03065091469545904
7.0	0.030012367174883817
7.050000000000001	0.029677551997427578
7.1000000000000005	0.029658810069658505
7.15	0.029979748885734056
7.2	0.030678008263468653
7.25	0.03180932819728312
7.300000000000001	0.03345351019795229
7.3500000000000005	0.035723185327350165
7.4	0.038776817182664944
7.45	0.04283820481335716
7.5	0.04822613023042596
7.550000000000001	0.05540010322957599
7.6000000000000005	0.06503207023066696
7.65	0.0781206706582643
7.7	0.09617625379393083
7.75	0.12152507248621637
7.800000000000001	0.15781594006577315
7.8500000000000005	0.2108713000355702
7.9	0.2901170214785307
7.95	0.410947207905972
8.0	0.5984558105531564
8.05	0.8926670519451765
8.1	1.3537140481091545
8.15	2.0602313041789824
8.200000000000001	3.084459859337484
8.25	4.425177521966088
8.3	5.922937600615878
8.35	7.267909107326976
8.4	8.167152851397038
8.450000000000001	8.514588810990539
8.5	8.389881501731232
8.55	7.948204224453269
8.6	7.333354781836176
8.65	6.648007170182118
8.700000000000001	5.956000529070103
8.75	5.293356040493512
8.8	4.67836986031295
8.85	4.118709461022289
8.9	3.615923703371398
8.950000000000001	3.168184080206995
9.0	2.77191555917909
9.05	2.4227539986313507
9.1	2.11610017686489
9.15	1.8474328631367583
9.200000000000001	1.6124779290753166
9.25	1.4072915491548819
9.3	1.2282924411225147
9.35	1.0722643355911174
9.4	0.936341592557769
9.450000000000001	0.8179858596403633
9.5	0.7149585852937694
9.55	0.6252922927407967
9.600000000000001	0.5472623314644448
9.65	0.4793600793076229
9.700000000000001	0.42026810304538564
9.75	0.36883749611284444
9.8	0.3240674349451422
9.850000000000001	0.2850868896875908
9.9	0.25113836508585513
9.950000000000001	0.22156351658801848
10.0	0.19579047434613842
10.05	0.1733227069099218
10.100000000000001	0.15372926240654472
10.15	0.1366362349345493
10.200000000000001	0.12171931584775533
10.25	0.10869730234025556
10.3	0.09732644849785244
10.350000000000001	0.08739555629213705
10.4	0.07872171560156867
10.450000000000001	0.0711466131257516
10.5	0.06453333998182367
10.55	0.05876363686447293
10.600000000000001	0.053735523986456125
10.65	0.049361270701628185
10.700000000000001	0.04556566688552648
10.75	0.04228456498178954
10.8	0.039463668332316654
10.850000000000001	0.0370575482731306
10.9	0.03502887986567216
10.950000000000001	0.03334789455153778
11.0	0.03199205818401327
11.05	0.030945995841412437
11.100000000000001	0.030201702105355634
11.15	0.02975909941673309
11.200000000000001	0.02962704127082583
11.25	0.029824906938085014
11.3	0.030385008879161107
11.350000000000001	0.03135614713100804
11.4	0.03280881953148616
11.450000000000001	0.034842870370260834
11.5	0.03759879577197452
11.55	0.04127462824633224
11.600000000000001	0.04615147785126711
11.65	0.05263272996496156
11.700000000000001	0.0613051448015058
11.75	0.07303565097767234
11.8	0.08912720434153555
11.850000000000001	0.11157371863094871
11.9	0.14348289737310543
11.950000000000001	0.18978487706446573
12.0	0.25842425646997846
12.05	0.3623475212211562
12.100000000000001	0.5227081914503995
12.15	0.7736120621602787
12.200000000000001	1.1677117440724791
12.25	1.7783004350773752
12.3	2.685126759444927
12.350000000000001	3.9230991051375144
12.4	5.395333267768312
12.450000000000001	6.833115849461271
12.5	7.9129024118268205
12.55	8.453087511285384
12.600000000000001	8.478319689399108
12.65	8.130105363106948
12.700000000000001	7.562248978566978
12.75	6.892646317828786
12.8	6.197679609041468
12.850000000000001	5.521875182268774
12.9	4.888803472027155
12.950000000000001	4.309243658573044
13.0	3.7865111031930407
13.05	3.3197343000891313
13.100000000000001	2.905816204018139
13.15	2.540590728520523
13.200000000000001	2.2194957959077826
13.25	1.937957498072374
13.3	1.6916016805061895
13.350000000000001	1.4763624580936114
13.4	1.2885294146223876
13.450000000000001	1.1247587384420388
13.5	0.9820636630116476
13.55	0.857793601122551
13.600000000000001	0.7496077057776742
13.65	0.6554463343910697
13.700000000000001	0.5735024896542632
13.75	0.502194433276371
13.8	0.4401401198626421
13.850000000000001	0.38613375595395627
13.9	0.3391245782040874
13.950000000000001	0.29819781734638373
14.0	0.2625577408265426
14.05	0.23151262740369952
14.100000000000001	0.2044615091452688
14.15	0.18088251193914592
14.200000000000001	0.1603226296271394
14.25	0.14238877567717517
14.3	0.1267399677208549
14.350000000000001	0.11308051284865563
14.4	0.10115407436877666
14.450000000000001	0.09073851324112574
14.5	0.08164140927357348
14.55	0.0736961782481333
14.600000000000001	0.06675871136936981
14.65	0.06070447280589475
14.700000000000001	0.05542599968719124
14.75	0.05083075681788177
14.8	0.046839305707056696
14.850000000000001	0.043383754440923274
14.9	0.04040646165197071
14.950000000000001	0.03785897461064213
15.0	0.035701188619024216
15.05	0.0339007228719927
15.100000000000001	0.032432517401828766
15.15	0.031278667546771305
15.200000000000001	0.030428527920088922
15.25	0.029879139111065336
15.3	0.029636060385387256
15.350000000000001	0.02971473521566154
15.4	0.030142581024750086
15.450000000000001	0.03096209196238192
15.5	0.032235393092937756
15.55	0.034050917576778784
15.600000000000001	0.03653324767380213
15.65	0.039857753953841626
15.700000000000001	0.04427263564473288
15.75	0.0501325690160177
15.8	0.05795086510545414
15.850000000000001	0.06848162440177417
15.9	0.0828512705565668
15.950000000000001	0.10277253718487378
16.0	0.13089775410912552
16.05	0.17140910607020668
16.1	0.23101128381785152
16.150000000000002	0.32059498521527896
16.2	0.45796212699416006
16.25	0.6720221782046105
16.3	1.0083115354463106
16.35	1.5332350404828001
16.400000000000002	2.3277746872326612
16.45	3.4514444768907757
16.5	4.863634041299016
16.55	6.352026399522108
16.6	7.589392530708931
16.650000000000002	8.326585159794028
16.7	8.520468061061505
16.75	8.285284996110926
16.8	7.7791060486848975
16.85	7.13463666263095
16.900000000000002	6.442129618434518
16.95	5.75600465209993
17.0	5.106121919606853
17.05	4.50702801827966
17.1	3.96420614577231
17.150000000000002	3.477981401439973
17.2	3.045875786542852
17.25	2.6640032331306345
17.3	2.3278854784983216
17.35	2.032921530077222
17.400000000000002	1.774650215490081
17.45	1.548889117074361
17.5	1.3517998184586992
17.55	1.1799095862619402
17.6	1.0301077832111651
17.650000000000002	0.899628179395373
17.7	0.7860239854848708
17.75	0.6871397599114945
17.8	0.6010826843164891
17.85	0.5261946668724891
17.900000000000002	0.46102608550300817
17.95	0.404311578464739
18.0	0.3549480390682701
18.05	0.3119748186562733
18.1	0.2745560519791241
18.150000000000002	0.24196496920022315
18.2	0.213570034355271
18.25	0.18882274173030114
18.3	0.16724690315849888
18.35	0.14842926665435985
18.400000000000002	0.13201131749730327
18.45	0.11768212516187712
18.5	0.1051721122969614
18.55	0.09424763461749402
18.6	0.0847062726955721
18.650000000000002	0.07637274801003677
18.7	0.06909538614190842
18.75	0.06274305967523244
18.8	0.05720255222245805
18.85	0.052376293124060655
18.900000000000002	0.04818041988998213
18.95	0.04454313250321479
19.0	0.04140331047740674
19.05	0.03870937028284834
19.1	0.03641834772987608
19.150000000000002	0.03449519752968151
19.200000000000003	0.03291231109941672
19.25	0.03164926453897364
19.3	0.030692822745569802
19.35	0.030037244585250245
19.400000000000002	0.029684960541346894
19.450000000000003	0.029647732368549992
19.5	0.0299484603483101
19.55	0.03062388784310729
19.6	0.0317285811947119
19.650000000000002	0.03334076204842565
19.700000000000003	0.03557088264506479
19.75	0.03857433583108866
19.8	0.04257050509500579
19.85	0.047871700289579364
19.900000000000002	0.05492776518092817
19.950000000000003	0.06439593956302125
20.0	0.07725207011068871
